name: part_2
channels:
  - conda-forge
  - bioconda
  - defaults
dependencies:
  - _libgcc_mutex=0.1=conda_forge
  - _openmp_mutex=4.5=2_gnu
  - alsa-lib=1.2.7.2=h166bdaf_0
  - bzip2=1.0.8=hd590300_5
  - ca-certificates=2024.2.2=hbcca054_0
  - cairo=1.16.0=ha61ee94_1014
  - expat=2.6.2=h59595ed_0
  - font-ttf-dejavu-sans-mono=2.37=hab24e00_0
  - font-ttf-inconsolata=3.000=h77eed37_0
  - font-ttf-source-code-pro=2.038=h77eed37_0
  - font-ttf-ubuntu=0.83=h77eed37_1
  - fontconfig=2.14.2=h14ed4e7_0
  - fonts-conda-ecosystem=1=0
  - fonts-conda-forge=1=0
  - freetype=2.12.1=h267a509_2
  - giflib=5.2.1=h0b41bf4_3
  - graphite2=1.3.13=h59595ed_1003
  - gsea=4.3.2=hdfd78af_0
  - harfbuzz=5.3.0=h418a68e_0
  - icu=70.1=h27087fc_0
  - jpeg=9e=h0b41bf4_3
  - keyutils=1.6.1=h166bdaf_0
  - krb5=1.21.2=h659d440_0
  - lcms2=2.12=hddcbb42_0
  - libcups=2.3.3=h4637d8d_4
  - libedit=3.1.20191231=he28a2e2_2
  - libexpat=2.6.2=h59595ed_0
  - libffi=3.4.2=h7f98852_5
  - libgcc-ng=13.2.0=h807b86a_5
  - libglib=2.80.0=hf2295e7_1
  - libgomp=13.2.0=h807b86a_5
  - libiconv=1.17=hd590300_2
  - libpng=1.6.43=h2797004_0
  - libstdcxx-ng=13.2.0=h7e041cc_5
  - libtiff=4.2.0=hf544144_3
  - libuuid=2.38.1=h0b41bf4_0
  - libwebp-base=1.3.2=hd590300_0
  - libxcb=1.13=h7f98852_1004
  - libzlib=1.2.13=hd590300_5
  - ncurses=6.4.20240210=h59595ed_0
  - openjdk=17.0.3=hea3dc9f_3
  - openssl=3.2.1=hd590300_1
  - pcre2=10.43=hcad00b1_0
  - pixman=0.43.2=h59595ed_0
  - pthread-stubs=0.4=h36c2ea0_1001
  - xorg-fixesproto=5.0=h7f98852_1002
  - xorg-inputproto=2.3.2=h7f98852_1002
  - xorg-kbproto=1.0.7=h7f98852_1002
  - xorg-libice=1.1.1=hd590300_0
  - xorg-libsm=1.2.4=h7391055_0
  - xorg-libx11=1.8.4=h0b41bf4_0
  - xorg-libxau=1.0.11=hd590300_0
  - xorg-libxdmcp=1.1.3=h7f98852_0
  - xorg-libxext=1.3.4=h0b41bf4_2
  - xorg-libxfixes=5.0.3=h7f98852_1004
  - xorg-libxi=1.7.10=h7f98852_0
  - xorg-libxrender=0.9.10=h7f98852_1003
  - xorg-libxtst=1.2.3=h7f98852_1002
  - xorg-recordproto=1.14.2=h7f98852_1002
  - xorg-renderproto=0.11.1=h7f98852_1002
  - xorg-xextproto=7.3.0=h0b41bf4_1003
  - xorg-xproto=7.0.31=h7f98852_1007
  - xz=5.2.6=h166bdaf_0
  - zlib=1.2.13=hd590300_5
  - zstd=1.5.5=hfc55251_0
prefix: /home/villena/miniforge3/envs/part_2
